T;rho1;rho2;P
500;271.221;4300.98;0.839546
501;276.573;4285.94;0.854017
502;282.035;4270.76;0.868685
503;287.611;4255.46;0.883552
504;293.304;4240.02;0.898621
505;299.118;4224.45;0.913893
506;305.056;4208.74;0.929372
507;311.122;4192.88;0.94506
508;317.319;4176.89;0.960959
509;323.653;4160.74;0.977071
510;330.128;4144.44;0.993401
511;336.749;4127.99;1.00995
512;343.519;4111.37;1.02672
513;350.446;4094.6;1.04371
514;357.533;4077.66;1.06093
515;364.787;4060.54;1.07839
516;372.214;4043.25;1.09607
517;379.82;4025.79;1.11399
518;387.613;4008.13;1.13215
519;395.599;3990.29;1.15056
520;403.786;3972.25;1.16921
521;412.183;3954.01;1.18811
522;420.797;3935.56;1.20726
523;429.64;3916.89;1.22667
524;438.719;3898.01;1.24634
525;448.047;3878.9;1.26627
526;457.634;3859.55;1.28648
527;467.492;3839.95;1.30695
528;477.635;3820.11;1.32771
529;488.078;3800.01;1.34874
530;498.833;3779.66;1.37006
531;509.92;3759.04;1.39168
532;521.354;3738.16;1.41359
533;553.548;3536.32;1.46183
534;545.348;3695.54;1.45832
535;557.95;3673.68;1.48116
536;570.988;3651.33;1.50432
537;584.489;3628.44;1.5278
538;598.483;3605.45;1.55161
539;613.005;3583.09;1.57577
540;628.083;3558.07;1.60027
541;665.833;3582.56;1.64739
542;686.268;3550.8;1.67567
543;686.76;3549.57;1.68518
